*******************************************
10:20:0:
M0:(10,20)(10,20)(10,20)(10,20)
M1:(10,20)(10,20)(10,20)(10,20)
M2:(10,20)(10,20)(10,20)(10,20)
M3:(10,20)(10,20)(10,20)(10,20)
M4:(10,20)(10,20)(10,20)(10,20)
M5:(10,20)(10,20)(10,20)(10,20)
M6:(10,20)(10,20)(10,20)(10,20)
M7:(10,20)(10,20)(10,20)(10,20)
M8:(10,20)(10,20)(10,20)(10,20)
M9:(10,20)(10,20)(10,20)(10,20)
*******************************************
10:20:10:
M0:(10,20)(10,20)(10,20)(10,20)
M1:(10,20)(10,20)(10,20)(10,20)
M2:(10,20)(10,20)(10,20)(10,20)
M3:(10,20)(10,20)(10,20)(10,20)
M4:(10,20)(10,20)(10,20)(10,20)
M5:(10,20)(10,20)(10,20)(10,20)
M6:(10,20)(10,20)(10,20)(10,20)
M7:(10,20)(10,20)(10,20)(10,20)
M8:(10,20)(10,20)(10,20)(10,20)
M9:(10,20)(10,20)(10,20)(10,20)
*******************************************
10:20:20:
M0:(10,20)(10,20)(10,20)(10,20)
M1:(10,20)(10,20)(10,20)(10,20)
M2:(10,20)(10,20)(10,20)(10,20)
M3:(10,20)(10,20)(10,20)(10,20)
M4:(10,20)(10,20)(10,20)(10,20)
M5:(10,20)(10,20)(10,20)(10,20)
M6:(10,20)(10,20)(10,20)(10,20)
M7:(10,20)(10,20)(10,20)(10,20)
M8:(10,20)(10,20)(10,20)(10,20)
M9:(10,20)(10,20)(10,20)(10,20)
*******************************************
10:20:30:
M0:(10,20)(10,20)(10,20)(10,20)
M1:(10,20)(10,20)(10,20)(10,20)
M2:(10,20)(10,20)(10,20)(10,20)
M3:(10,20)(10,20)(10,20)(10,20)
M4:(10,20)(10,20)(10,20)(10,20)
M5:(10,20)(10,20)(10,20)(10,20)
M6:(10,20)(10,20)(10,20)(10,20)
M7:(10,20)(10,20)(10,20)(10,20)
M8:(10,20)(10,20)(10,20)(10,20)
M9:(10,20)(10,20)(10,20)(10,20)
*******************************************
10:20:40:
M0:(10,20)(10,20)(10,20)(10,20)
M1:(10,20)(10,20)(10,20)(10,20)
M2:(10,20)(10,20)(10,20)(10,20)
M3:(10,20)(10,20)(10,20)(10,20)
M4:(10,20)(10,20)(10,20)(10,20)
M5:(10,20)(10,20)(10,20)(10,20)
M6:(10,20)(10,20)(10,20)(10,20)
M7:(10,20)(10,20)(10,20)(10,20)
M8:(10,20)(10,20)(10,20)(10,20)
M9:(10,20)(10,20)(10,20)(10,20)
*******************************************
10:20:50:
M0:(10,20)(10,20)(10,20)(10,20)
M1:(10,20)(10,20)(10,20)(10,20)
M2:(10,20)(10,20)(10,20)(10,20)
M3:(10,20)(10,20)(10,20)(10,20)
M4:(10,20)(10,20)(10,20)(10,20)
M5:(10,20)(10,20)(10,20)(10,20)
M6:(10,20)(10,20)(10,20)(10,20)
M7:(10,20)(10,20)(10,20)(10,20)
M8:(10,20)(10,20)(10,20)(10,20)
M9:(10,20)(10,20)(10,20)(10,20)
*******************************************
10:20:60:
M0:(10,20)(10,20)(10,20)(10,20)
M1:(10,20)(10,20)(10,20)(10,20)
M2:(10,20)(10,20)(10,20)(10,20)
M3:(10,20)(10,20)(10,20)(10,20)
M4:(10,20)(10,20)(10,20)(10,20)
M5:(10,20)(10,20)(10,20)(10,20)
M6:(10,20)(10,20)(10,20)(10,20)
M7:(10,20)(10,20)(10,20)(10,20)
M8:(10,20)(10,20)(10,20)(10,20)
M9:(10,20)(10,20)(10,20)(10,20)
*******************************************
10:20:70:
M0:(10,20)(10,20)(10,20)(10,20)
M1:(10,20)(10,20)(10,20)(10,20)
M2:(10,20)(10,20)(10,20)(10,20)
M3:(10,20)(10,20)(10,20)(10,20)
M4:(10,20)(10,20)(10,20)(10,20)
M5:(10,20)(10,20)(10,20)(10,20)
M6:(10,20)(10,20)(10,20)(10,20)
M7:(10,20)(10,20)(10,20)(10,20)
M8:(10,20)(10,20)(10,20)(10,20)
M9:(10,20)(10,20)(10,20)(10,20)
*******************************************
10:20:80:
M0:(10,20)(10,20)(10,20)(10,20)
M1:(10,20)(10,20)(10,20)(10,20)
M2:(10,20)(10,20)(10,20)(10,20)
M3:(10,20)(10,20)(10,20)(10,20)
M4:(10,20)(10,20)(10,20)(10,20)
M5:(10,20)(10,20)(10,20)(10,20)
M6:(10,20)(10,20)(10,20)(10,20)
M7:(10,20)(10,20)(10,20)(10,20)
M8:(10,20)(10,20)(10,20)(10,20)
M9:(10,20)(10,20)(10,20)(10,20)
*******************************************
10:20:90:
M0:(10,20)(10,20)(10,20)(10,20)
M1:(10,20)(10,20)(10,20)(10,20)
M2:(10,20)(10,20)(10,20)(10,20)
M3:(10,20)(10,20)(10,20)(10,20)
M4:(10,20)(10,20)(10,20)(10,20)
M5:(10,20)(10,20)(10,20)(10,20)
M6:(10,20)(10,20)(10,20)(10,20)
M7:(10,20)(10,20)(10,20)(10,20)
M8:(10,20)(10,20)(10,20)(10,20)
M9:(10,20)(10,20)(10,20)(10,20)
*******************************************
10:20:100:
M0:(10,20)(10,20)(10,20)(10,20)
M1:(10,20)(10,20)(10,20)(10,20)
M2:(10,20)(10,20)(10,20)(10,20)
M3:(10,20)(10,20)(10,20)(10,20)
M4:(10,20)(10,20)(10,20)(10,20)
M5:(10,20)(10,20)(10,20)(10,20)
M6:(10,20)(10,20)(10,20)(10,20)
M7:(10,20)(10,20)(10,20)(10,20)
M8:(10,20)(10,20)(10,20)(10,20)
M9:(10,20)(10,20)(10,20)(10,20)
*******************************************
10:20:110:
M0:(10,20)(10,20)(10,20)(10,20)
M1:(10,20)(10,20)(10,20)(10,20)
M2:(10,20)(10,20)(10,20)(10,20)
M3:(10,20)(10,20)(10,20)(10,20)
M4:(10,20)(10,20)(10,20)(10,20)
M5:(10,20)(10,20)(10,20)(10,20)
M6:(10,20)(10,20)(10,20)(10,20)
M7:(10,20)(10,20)(10,20)(10,20)
M8:(10,20)(10,20)(10,20)(10,20)
M9:(10,20)(10,20)(10,20)(10,20)
*******************************************
10:20:120:
M0:(10,20)(10,20)(10,20)(10,20)
M1:(10,20)(10,20)(10,20)(10,20)
M2:(10,20)(10,20)(10,20)(10,20)
M3:(10,20)(10,20)(10,20)(10,20)
M4:(10,20)(10,20)(10,20)(10,20)
M5:(10,20)(10,20)(10,20)(10,20)
M6:(10,20)(10,20)(10,20)(10,20)
M7:(10,20)(10,20)(10,20)(10,20)
M8:(10,20)(10,20)(10,20)(10,20)
M9:(10,20)(10,20)(10,20)(10,20)
*******************************************
10:20:130:
M0:(10,20)(10,20)(10,20)(10,20)
M1:(10,20)(10,20)(10,20)(10,20)
M2:(10,20)(10,20)(10,20)(10,20)
M3:(10,20)(10,20)(10,20)(10,20)
M4:(10,20)(10,20)(10,20)(10,20)
M5:(10,20)(10,20)(10,20)(10,20)
M6:(10,20)(10,20)(10,20)(10,20)
M7:(10,20)(10,20)(10,20)(10,20)
M8:(10,20)(10,20)(10,20)(10,20)
M9:(10,20)(10,20)(10,20)(10,20)
*******************************************
10:20:140:
M0:(10,20)(10,20)(10,20)(10,20)
M1:(10,20)(10,20)(10,20)(10,20)
M2:(10,20)(10,20)(10,20)(10,20)
M3:(10,20)(10,20)(10,20)(10,20)
M4:(10,20)(10,20)(10,20)(10,20)
M5:(10,20)(10,20)(10,20)(10,20)
M6:(10,20)(10,20)(10,20)(10,20)
M7:(10,20)(10,20)(10,20)(10,20)
M8:(10,20)(10,20)(10,20)(10,20)
M9:(10,20)(10,20)(10,20)(10,20)
*******************************************
10:20:150:
M0:(10,20)(10,20)(10,20)(10,20)
M1:(10,20)(10,20)(10,20)(10,20)
M2:(10,20)(10,20)(10,20)(10,20)
M3:(10,20)(10,20)(10,20)(10,20)
M4:(10,20)(10,20)(10,20)(10,20)
M5:(10,20)(10,20)(10,20)(10,20)
M6:(10,20)(10,20)(10,20)(10,20)
M7:(10,20)(10,20)(10,20)(10,20)
M8:(10,20)(10,20)(10,20)(10,20)
M9:(10,20)(10,20)(10,20)(10,20)
*******************************************
10:20:160:
M0:(10,20)(10,20)(10,20)(10,20)
M1:(10,20)(10,20)(10,20)(10,20)
M2:(10,20)(10,20)(10,20)(10,20)
M3:(10,20)(10,20)(10,20)(10,20)
M4:(10,20)(10,20)(10,20)(10,20)
M5:(10,20)(10,20)(10,20)(10,20)
M6:(10,20)(10,20)(10,20)(10,20)
M7:(10,20)(10,20)(10,20)(10,20)
M8:(10,20)(10,20)(10,20)(10,20)
M9:(10,20)(10,20)(10,20)(10,20)
*******************************************
10:20:170:
M0:(10,20)(10,20)(10,20)(10,20)
M1:(10,20)(10,20)(10,20)(10,20)
M2:(10,20)(10,20)(10,20)(10,20)
M3:(10,20)(10,20)(10,20)(10,20)
M4:(10,20)(10,20)(10,20)(10,20)
M5:(10,20)(10,20)(10,20)(10,20)
M6:(10,20)(10,20)(10,20)(10,20)
M7:(10,20)(10,20)(10,20)(10,20)
M8:(10,20)(10,20)(10,20)(10,20)
M9:(10,20)(10,20)(10,20)(10,20)
*******************************************
10:20:180:
M0:(10,20)(10,20)(10,20)(10,20)
M1:(10,20)(10,20)(10,20)(10,20)
M2:(10,20)(10,20)(10,20)(10,20)
M3:(10,20)(10,20)(10,20)(10,20)
M4:(10,20)(10,20)(10,20)(10,20)
M5:(10,20)(10,20)(10,20)(10,20)
M6:(10,20)(10,20)(10,20)(10,20)
M7:(10,20)(10,20)(10,20)(10,20)
M8:(10,20)(10,20)(10,20)(10,20)
M9:(10,20)(10,20)(10,20)(10,20)
*******************************************
10:20:190:
M0:(10,20)(10,20)(10,20)(10,20)
M1:(10,20)(10,20)(10,20)(10,20)
M2:(10,20)(10,20)(10,20)(10,20)
M3:(10,20)(10,20)(10,20)(10,20)
M4:(10,20)(10,20)(10,20)(10,20)
M5:(10,20)(10,20)(10,20)(10,20)
M6:(10,20)(10,20)(10,20)(10,20)
M7:(10,20)(10,20)(10,20)(10,20)
M8:(10,20)(10,20)(10,20)(10,20)
M9:(10,20)(10,20)(10,20)(10,20)
*******************************************
10:20:200:
M0:(10,20)(10,20)(10,20)(10,20)
M1:(10,20)(10,20)(10,20)(10,20)
M2:(10,20)(10,20)(10,20)(10,20)
M3:(10,20)(10,20)(10,20)(10,20)
M4:(10,20)(10,20)(10,20)(10,20)
M5:(10,20)(10,20)(10,20)(10,20)
M6:(10,20)(10,20)(10,20)(10,20)
M7:(10,20)(10,20)(10,20)(10,20)
M8:(10,20)(10,20)(10,20)(10,20)
M9:(10,20)(10,20)(10,20)(10,20)
*******************************************
10:20:210:
M0:(10,20)(10,20)(10,20)(10,20)
M1:(10,20)(10,20)(10,20)(10,20)
M2:(10,20)(10,20)(10,20)(10,20)
M3:(10,20)(10,20)(10,20)(10,20)
M4:(10,20)(10,20)(10,20)(10,20)
M5:(10,20)(10,20)(10,20)(10,20)
M6:(10,20)(10,20)(10,20)(10,20)
M7:(10,20)(10,20)(10,20)(10,20)
M8:(10,20)(10,20)(10,20)(10,20)
M9:(10,20)(10,20)(10,20)(10,20)
*******************************************
10:20:220:
M0:(10,20)(10,20)(10,20)(10,20)
M1:(10,20)(10,20)(10,20)(10,20)
M2:(10,20)(10,20)(10,20)(10,20)
M3:(10,20)(10,20)(10,20)(10,20)
M4:(10,20)(10,20)(10,20)(10,20)
M5:(10,20)(10,20)(10,20)(10,20)
M6:(10,20)(10,20)(10,20)(10,20)
M7:(10,20)(10,20)(10,20)(10,20)
M8:(10,20)(10,20)(10,20)(10,20)
M9:(10,20)(10,20)(10,20)(10,20)
*******************************************
10:20:230:
M0:(10,20)(10,20)(10,20)(10,20)
M1:(10,20)(10,20)(10,20)(10,20)
M2:(10,20)(10,20)(10,20)(10,20)
M3:(10,20)(10,20)(10,20)(10,20)
M4:(10,20)(10,20)(10,20)(10,20)
M5:(10,20)(10,20)(10,20)(10,20)
M6:(10,20)(10,20)(10,20)(10,20)
M7:(10,20)(10,20)(10,20)(10,20)
M8:(10,20)(10,20)(10,20)(10,20)
M9:(10,20)(10,20)(10,20)(10,20)
*******************************************
10:20:240:
M0:(10,20)(10,20)(10,20)(10,20)
M1:(10,20)(10,20)(10,20)(10,20)
M2:(10,20)(10,20)(10,20)(10,20)
M3:(10,20)(10,20)(10,20)(10,20)
M4:(10,20)(10,20)(10,20)(10,20)
M5:(10,20)(10,20)(10,20)(10,20)
M6:(10,20)(10,20)(10,20)(10,20)
M7:(10,20)(10,20)(10,20)(10,20)
M8:(10,20)(10,20)(10,20)(10,20)
M9:(10,20)(10,20)(10,20)(10,20)
*******************************************
10:20:250:
M0:(10,20)(10,20)(10,20)(10,20)
M1:(10,20)(10,20)(10,20)(10,20)
M2:(10,20)(10,20)(10,20)(10,20)
M3:(10,20)(10,20)(10,20)(10,20)
M4:(10,20)(10,20)(10,20)(10,20)
M5:(10,20)(10,20)(10,20)(10,20)
M6:(10,20)(10,20)(10,20)(10,20)
M7:(10,20)(10,20)(10,20)(10,20)
M8:(10,20)(10,20)(10,20)(10,20)
M9:(10,20)(10,20)(10,20)(10,20)
*******************************************
10:20:260:
M0:(10,20)(10,20)(10,20)(10,20)
M1:(10,20)(10,20)(10,20)(10,20)
M2:(10,20)(10,20)(10,20)(10,20)
M3:(10,20)(10,20)(10,20)(10,20)
M4:(10,20)(10,20)(10,20)(10,20)
M5:(10,20)(10,20)(10,20)(10,20)
M6:(10,20)(10,20)(10,20)(10,20)
M7:(10,20)(10,20)(10,20)(10,20)
M8:(10,20)(10,20)(10,20)(10,20)
M9:(10,20)(10,20)(10,20)(10,20)
*******************************************
10:20:270:
M0:(10,20)(10,20)(10,20)(10,20)
M1:(10,20)(10,20)(10,20)(10,20)
M2:(10,20)(10,20)(10,20)(10,20)
M3:(10,20)(10,20)(10,20)(10,20)
M4:(10,20)(10,20)(10,20)(10,20)
M5:(10,20)(10,20)(10,20)(10,20)
M6:(10,20)(10,20)(10,20)(10,20)
M7:(10,20)(10,20)(10,20)(10,20)
M8:(10,20)(10,20)(10,20)(10,20)
M9:(10,20)(10,20)(10,20)(10,20)
*******************************************
10:20:280:
M0:(10,20)(10,20)(10,20)(10,20)
M1:(10,20)(10,20)(10,20)(10,20)
M2:(10,20)(10,20)(10,20)(10,20)
M3:(10,20)(10,20)(10,20)(10,20)
M4:(10,20)(10,20)(10,20)(10,20)
M5:(10,20)(10,20)(10,20)(10,20)
M6:(10,20)(10,20)(10,20)(10,20)
M7:(10,20)(10,20)(10,20)(10,20)
M8:(10,20)(10,20)(10,20)(10,20)
M9:(10,20)(10,20)(10,20)(10,20)
*******************************************
10:20:290:
M0:(10,20)(10,20)(10,20)(10,20)
M1:(10,20)(10,20)(10,20)(10,20)
M2:(10,20)(10,20)(10,20)(10,20)
M3:(10,20)(10,20)(10,20)(10,20)
M4:(10,20)(10,20)(10,20)(10,20)
M5:(10,20)(10,20)(10,20)(10,20)
M6:(10,20)(10,20)(10,20)(10,20)
M7:(10,20)(10,20)(10,20)(10,20)
M8:(10,20)(10,20)(10,20)(10,20)
M9:(10,20)(10,20)(10,20)(10,20)
*******************************************
10:20:300:
M0:(10,20)(10,20)(10,20)(10,20)
M1:(10,20)(10,20)(10,20)(10,20)
M2:(10,20)(10,20)(10,20)(10,20)
M3:(10,20)(10,20)(10,20)(10,20)
M4:(10,20)(10,20)(10,20)(10,20)
M5:(10,20)(10,20)(10,20)(10,20)
M6:(10,20)(10,20)(10,20)(10,20)
M7:(10,20)(10,20)(10,20)(10,20)
M8:(10,20)(10,20)(10,20)(10,20)
M9:(10,20)(10,20)(10,20)(10,20)
*******************************************
10:20:310:
M0:(10,20)(10,20)(10,20)(10,20)
M1:(10,20)(10,20)(10,20)(10,20)
M2:(10,20)(10,20)(10,20)(10,20)
M3:(10,20)(10,20)(10,20)(10,20)
M4:(10,20)(10,20)(10,20)(10,20)
M5:(10,20)(10,20)(10,20)(10,20)
M6:(10,20)(10,20)(10,20)(10,20)
M7:(10,20)(10,20)(10,20)(10,20)
M8:(10,20)(10,20)(10,20)(10,20)
M9:(10,20)(10,20)(10,20)(10,20)
*******************************************
10:20:320:
M0:(10,20)(10,20)(10,20)(10,20)
M1:(10,20)(10,20)(10,20)(10,20)
M2:(10,20)(10,20)(10,20)(10,20)
M3:(10,20)(10,20)(10,20)(10,20)
M4:(10,20)(10,20)(10,20)(10,20)
M5:(10,20)(10,20)(10,20)(10,20)
M6:(10,20)(10,20)(10,20)(10,20)
M7:(10,20)(10,20)(10,20)(10,20)
M8:(10,20)(10,20)(10,20)(10,20)
M9:(10,20)(10,20)(10,20)(10,20)
*******************************************
10:20:330:
M0:(10,20)(10,20)(10,20)(10,20)
M1:(10,20)(10,20)(10,20)(10,20)
M2:(10,20)(10,20)(10,20)(10,20)
M3:(10,20)(10,20)(10,20)(10,20)
M4:(10,20)(10,20)(10,20)(10,20)
M5:(10,20)(10,20)(10,20)(10,20)
M6:(10,20)(10,20)(10,20)(10,20)
M7:(10,20)(10,20)(10,20)(10,20)
M8:(10,20)(10,20)(10,20)(10,20)
M9:(10,20)(10,20)(10,20)(10,20)
*******************************************
10:20:340:
M0:(10,20)(10,20)(10,20)(10,20)
M1:(10,20)(10,20)(10,20)(10,20)
M2:(10,20)(10,20)(10,20)(10,20)
M3:(10,20)(10,20)(10,20)(10,20)
M4:(10,20)(10,20)(10,20)(10,20)
M5:(10,20)(10,20)(10,20)(10,20)
M6:(10,20)(10,20)(10,20)(10,20)
M7:(10,20)(10,20)(10,20)(10,20)
M8:(10,20)(10,20)(10,20)(10,20)
M9:(10,20)(10,20)(10,20)(10,20)
*******************************************
10:20:350:
M0:(10,20)(10,20)(10,20)(10,20)
M1:(10,20)(10,20)(10,20)(10,20)
M2:(10,20)(10,20)(10,20)(10,20)
M3:(10,20)(10,20)(10,20)(10,20)
M4:(10,20)(10,20)(10,20)(10,20)
M5:(10,20)(10,20)(10,20)(10,20)
M6:(10,20)(10,20)(10,20)(10,20)
M7:(10,20)(10,20)(10,20)(10,20)
M8:(10,20)(10,20)(10,20)(10,20)
M9:(10,20)(10,20)(10,20)(10,20)
*******************************************
10:20:360:
M0:(10,20)(10,20)(10,20)(10,20)
M1:(10,20)(10,20)(10,20)(10,20)
M2:(10,20)(10,20)(10,20)(10,20)
M3:(10,20)(10,20)(10,20)(10,20)
M4:(10,20)(10,20)(10,20)(10,20)
M5:(10,20)(10,20)(10,20)(10,20)
M6:(10,20)(10,20)(10,20)(10,20)
M7:(10,20)(10,20)(10,20)(10,20)
M8:(10,20)(10,20)(10,20)(10,20)
M9:(10,20)(10,20)(10,20)(10,20)
*******************************************
10:20:370:
M0:(10,20)(10,20)(10,20)(10,20)
M1:(10,20)(10,20)(10,20)(10,20)
M2:(10,20)(10,20)(10,20)(10,20)
M3:(10,20)(10,20)(10,20)(10,20)
M4:(10,20)(10,20)(10,20)(10,20)
M5:(10,20)(10,20)(10,20)(10,20)
M6:(10,20)(10,20)(10,20)(10,20)
M7:(10,20)(10,20)(10,20)(10,20)
M8:(10,20)(10,20)(10,20)(10,20)
M9:(10,20)(10,20)(10,20)(10,20)
*******************************************
10:20:380:
M0:(10,20)(10,20)(10,20)(10,20)
M1:(10,20)(10,20)(10,20)(10,20)
M2:(10,20)(10,20)(10,20)(10,20)
M3:(10,20)(10,20)(10,20)(10,20)
M4:(10,20)(10,20)(10,20)(10,20)
M5:(10,20)(10,20)(10,20)(10,20)
M6:(10,20)(10,20)(10,20)(10,20)
M7:(10,20)(10,20)(10,20)(10,20)
M8:(10,20)(10,20)(10,20)(10,20)
M9:(10,20)(10,20)(10,20)(10,20)
*******************************************
10:20:390:
M0:(10,20)(10,20)(10,20)(10,20)
M1:(10,20)(10,20)(10,20)(10,20)
M2:(10,20)(10,20)(10,20)(10,20)
M3:(10,20)(10,20)(10,20)(10,20)
M4:(10,20)(10,20)(10,20)(10,20)
M5:(10,20)(10,20)(10,20)(10,20)
M6:(10,20)(10,20)(10,20)(10,20)
M7:(10,20)(10,20)(10,20)(10,20)
M8:(10,20)(10,20)(10,20)(10,20)
M9:(10,20)(10,20)(10,20)(10,20)
*******************************************
10:20:400:
M0:(10,20)(10,20)(10,20)(10,20)
M1:(10,20)(10,20)(10,20)(10,20)
M2:(10,20)(10,20)(10,20)(10,20)
M3:(10,20)(10,20)(10,20)(10,20)
M4:(10,20)(10,20)(10,20)(10,20)
M5:(10,20)(10,20)(10,20)(10,20)
M6:(10,20)(10,20)(10,20)(10,20)
M7:(10,20)(10,20)(10,20)(10,20)
M8:(10,20)(10,20)(10,20)(10,20)
M9:(10,20)(10,20)(10,20)(10,20)
*******************************************
10:20:410:
M0:(10,20)(10,20)(10,20)(10,20)
M1:(10,20)(10,20)(10,20)(10,20)
M2:(10,20)(10,20)(10,20)(10,20)
M3:(10,20)(10,20)(10,20)(10,20)
M4:(10,20)(10,20)(10,20)(10,20)
M5:(10,20)(10,20)(10,20)(10,20)
M6:(10,20)(10,20)(10,20)(10,20)
M7:(10,20)(10,20)(10,20)(10,20)
M8:(10,20)(10,20)(10,20)(10,20)
M9:(10,20)(10,20)(10,20)(10,20)
*******************************************
10:20:420:
M0:(10,20)(10,20)(10,20)(10,20)
M1:(10,20)(10,20)(10,20)(10,20)
M2:(10,20)(10,20)(10,20)(10,20)
M3:(10,20)(10,20)(10,20)(10,20)
M4:(10,20)(10,20)(10,20)(10,20)
M5:(10,20)(10,20)(10,20)(10,20)
M6:(10,20)(10,20)(10,20)(10,20)
M7:(10,20)(10,20)(10,20)(10,20)
M8:(10,20)(10,20)(10,20)(10,20)
M9:(10,20)(10,20)(10,20)(10,20)
*******************************************
10:20:430:
M0:(10,20)(10,20)(10,20)(10,20)
M1:(10,20)(10,20)(10,20)(10,20)
M2:(10,20)(10,20)(10,20)(10,20)
M3:(10,20)(10,20)(10,20)(10,20)
M4:(10,20)(10,20)(10,20)(10,20)
M5:(10,20)(10,20)(10,20)(10,20)
M6:(10,20)(10,20)(10,20)(10,20)
M7:(10,20)(10,20)(10,20)(10,20)
M8:(10,20)(10,20)(10,20)(10,20)
M9:(10,20)(10,20)(10,20)(10,20)
*******************************************
10:20:440:
M0:(10,20)(10,20)(10,20)(10,20)
M1:(10,20)(10,20)(10,20)(10,20)
M2:(10,20)(10,20)(10,20)(10,20)
M3:(10,20)(10,20)(10,20)(10,20)
M4:(10,20)(10,20)(10,20)(10,20)
M5:(10,20)(10,20)(10,20)(10,20)
M6:(10,20)(10,20)(10,20)(10,20)
M7:(10,20)(10,20)(10,20)(10,20)
M8:(10,20)(10,20)(10,20)(10,20)
M9:(10,20)(10,20)(10,20)(10,20)
*******************************************
10:20:450:
M0:(10,20)(10,20)(10,20)(10,20)
M1:(10,20)(10,20)(10,20)(10,20)
M2:(10,20)(10,20)(10,20)(10,20)
M3:(10,20)(10,20)(10,20)(10,20)
M4:(10,20)(10,20)(10,20)(10,20)
M5:(10,20)(10,20)(10,20)(10,20)
M6:(10,20)(10,20)(10,20)(10,20)
M7:(10,20)(10,20)(10,20)(10,20)
M8:(10,20)(10,20)(10,20)(10,20)
M9:(10,20)(10,20)(10,20)(10,20)
*******************************************
10:20:460:
M0:(10,20)(10,20)(10,20)(10,20)
M1:(10,20)(10,20)(10,20)(10,20)
M2:(10,20)(10,20)(10,20)(10,20)
M3:(10,20)(10,20)(10,20)(10,20)
M4:(10,20)(10,20)(10,20)(10,20)
M5:(10,20)(10,20)(10,20)(10,20)
M6:(10,20)(10,20)(10,20)(10,20)
M7:(10,20)(10,20)(10,20)(10,20)
M8:(10,20)(10,20)(10,20)(10,20)
M9:(10,20)(10,20)(10,20)(10,20)
*******************************************
10:20:470:
M0:(10,20)(10,20)(10,20)(10,20)
M1:(10,20)(10,20)(10,20)(10,20)
M2:(10,20)(10,20)(10,20)(10,20)
M3:(10,20)(10,20)(10,20)(10,20)
M4:(10,20)(10,20)(10,20)(10,20)
M5:(10,20)(10,20)(10,20)(10,20)
M6:(10,20)(10,20)(10,20)(10,20)
M7:(10,20)(10,20)(10,20)(10,20)
M8:(10,20)(10,20)(10,20)(10,20)
M9:(10,20)(10,20)(10,20)(10,20)
*******************************************
10:20:480:
M0:(10,20)(10,20)(10,20)(10,20)
M1:(10,20)(10,20)(10,20)(10,20)
M2:(10,20)(10,20)(10,20)(10,20)
M3:(10,20)(10,20)(10,20)(10,20)
M4:(10,20)(10,20)(10,20)(10,20)
M5:(10,20)(10,20)(10,20)(10,20)
M6:(10,20)(10,20)(10,20)(10,20)
M7:(10,20)(10,20)(10,20)(10,20)
M8:(10,20)(10,20)(10,20)(10,20)
M9:(10,20)(10,20)(10,20)(10,20)
*******************************************
10:20:490:
M0:(10,20)(10,20)(10,20)(10,20)
M1:(10,20)(10,20)(10,20)(10,20)
M2:(10,20)(10,20)(10,20)(10,20)
M3:(10,20)(10,20)(10,20)(10,20)
M4:(10,20)(10,20)(10,20)(10,20)
M5:(10,20)(10,20)(10,20)(10,20)
M6:(10,20)(10,20)(10,20)(10,20)
M7:(10,20)(10,20)(10,20)(10,20)
M8:(10,20)(10,20)(10,20)(10,20)
M9:(10,20)(10,20)(10,20)(10,20)
*******************************************
10:20:500:
M0:(10,20)(10,20)(10,20)(10,20)
M1:(10,20)(10,20)(10,20)(10,20)
M2:(10,20)(10,20)(10,20)(10,20)
M3:(10,20)(10,20)(10,20)(10,20)
M4:(10,20)(10,20)(10,20)(10,20)
M5:(10,20)(10,20)(10,20)(10,20)
M6:(10,20)(10,20)(10,20)(10,20)
M7:(10,20)(10,20)(10,20)(10,20)
M8:(10,20)(10,20)(10,20)(10,20)
M9:(10,20)(10,20)(10,20)(10,20)
*******************************************
10:20:510:
M0:(10,20)(10,20)(10,20)(10,20)
M1:(10,20)(10,20)(10,20)(10,20)
M2:(10,20)(10,20)(10,20)(10,20)
M3:(10,20)(10,20)(10,20)(10,20)
M4:(10,20)(10,20)(10,20)(10,20)
M5:(10,20)(10,20)(10,20)(10,20)
M6:(10,20)(10,20)(10,20)(10,20)
M7:(10,20)(10,20)(10,20)(10,20)
M8:(10,20)(10,20)(10,20)(10,20)
M9:(10,20)(10,20)(10,20)(10,20)
*******************************************
10:20:520:
M0:(10,20)(10,20)(10,20)(10,20)
M1:(10,20)(10,20)(10,20)(10,20)
M2:(10,20)(10,20)(10,20)(10,20)
M3:(10,20)(10,20)(10,20)(10,20)
M4:(10,20)(10,20)(10,20)(10,20)
M5:(10,20)(10,20)(10,20)(10,20)
M6:(10,20)(10,20)(10,20)(10,20)
M7:(10,20)(10,20)(10,20)(10,20)
M8:(10,20)(10,20)(10,20)(10,20)
M9:(10,20)(10,20)(10,20)(10,20)
*******************************************
10:20:530:
M0:(10,20)(10,20)(10,20)(10,20)
M1:(10,20)(10,20)(10,20)(10,20)
M2:(10,20)(10,20)(10,20)(10,20)
M3:(10,20)(10,20)(10,20)(10,20)
M4:(10,20)(10,20)(10,20)(10,20)
M5:(10,20)(10,20)(10,20)(10,20)
M6:(10,20)(10,20)(10,20)(10,20)
M7:(10,20)(10,20)(10,20)(10,20)
M8:(10,20)(10,20)(10,20)(10,20)
M9:(10,20)(10,20)(10,20)(10,20)
*******************************************
10:20:540:
M0:(10,20)(10,20)(10,20)(10,20)
M1:(10,20)(10,20)(10,20)(10,20)
M2:(10,20)(10,20)(10,20)(10,20)
M3:(10,20)(10,20)(10,20)(10,20)
M4:(10,20)(10,20)(10,20)(10,20)
M5:(10,20)(10,20)(10,20)(10,20)
M6:(10,20)(10,20)(10,20)(10,20)
M7:(10,20)(10,20)(10,20)(10,20)
M8:(10,20)(10,20)(10,20)(10,20)
M9:(10,20)(10,20)(10,20)(10,20)
*******************************************
10:20:550:
M0:(10,20)(10,20)(10,20)(10,20)
M1:(10,20)(10,20)(10,20)(10,20)
M2:(10,20)(10,20)(10,20)(10,20)
M3:(10,20)(10,20)(10,20)(10,20)
M4:(10,20)(10,20)(10,20)(10,20)
M5:(10,20)(10,20)(10,20)(10,20)
M6:(10,20)(10,20)(10,20)(10,20)
M7:(10,20)(10,20)(10,20)(10,20)
M8:(10,20)(10,20)(10,20)(10,20)
M9:(10,20)(10,20)(10,20)(10,20)
*******************************************
10:20:560:
M0:(10,20)(10,20)(10,20)(10,20)
M1:(10,20)(10,20)(10,20)(10,20)
M2:(10,20)(10,20)(10,20)(10,20)
M3:(10,20)(10,20)(10,20)(10,20)
M4:(10,20)(10,20)(10,20)(10,20)
M5:(10,20)(10,20)(10,20)(10,20)
M6:(10,20)(10,20)(10,20)(10,20)
M7:(10,20)(10,20)(10,20)(10,20)
M8:(10,20)(10,20)(10,20)(10,20)
M9:(10,20)(10,20)(10,20)(10,20)
*******************************************
10:20:570:
M0:(10,20)(10,20)(10,20)(10,20)
M1:(10,20)(10,20)(10,20)(10,20)
M2:(10,20)(10,20)(10,20)(10,20)
M3:(10,20)(10,20)(10,20)(10,20)
M4:(10,20)(10,20)(10,20)(10,20)
M5:(10,20)(10,20)(10,20)(10,20)
M6:(10,20)(10,20)(10,20)(10,20)
M7:(10,20)(10,20)(10,20)(10,20)
M8:(10,20)(10,20)(10,20)(10,20)
M9:(10,20)(10,20)(10,20)(10,20)
*******************************************
10:20:580:
M0:(10,20)(10,20)(10,20)(10,20)
M1:(10,20)(10,20)(10,20)(10,20)
M2:(10,20)(10,20)(10,20)(10,20)
M3:(10,20)(10,20)(10,20)(10,20)
M4:(10,20)(10,20)(10,20)(10,20)
M5:(10,20)(10,20)(10,20)(10,20)
M6:(10,20)(10,20)(10,20)(10,20)
M7:(10,20)(10,20)(10,20)(10,20)
M8:(10,20)(10,20)(10,20)(10,20)
M9:(10,20)(10,20)(10,20)(10,20)
*******************************************
10:20:590:
M0:(10,20)(10,20)(10,20)(10,20)
M1:(10,20)(10,20)(10,20)(10,20)
M2:(10,20)(10,20)(10,20)(10,20)
M3:(10,20)(10,20)(10,20)(10,20)
M4:(10,20)(10,20)(10,20)(10,20)
M5:(10,20)(10,20)(10,20)(10,20)
M6:(10,20)(10,20)(10,20)(10,20)
M7:(10,20)(10,20)(10,20)(10,20)
M8:(10,20)(10,20)(10,20)(10,20)
M9:(10,20)(10,20)(10,20)(10,20)
*******************************************
10:20:600:
M0:(10,20)(10,20)(10,20)(10,20)
M1:(10,20)(10,20)(10,20)(10,20)
M2:(10,20)(10,20)(10,20)(10,20)
M3:(10,20)(10,20)(10,20)(10,20)
M4:(10,20)(10,20)(10,20)(10,20)
M5:(10,20)(10,20)(10,20)(10,20)
M6:(10,20)(10,20)(10,20)(10,20)
M7:(10,20)(10,20)(10,20)(10,20)
M8:(10,20)(10,20)(10,20)(10,20)
M9:(10,20)(10,20)(10,20)(10,20)
*******************************************
10:20:610:
M0:(10,20)(10,20)(10,20)(10,20)
M1:(10,20)(10,20)(10,20)(10,20)
M2:(10,20)(10,20)(10,20)(10,20)
M3:(10,20)(10,20)(10,20)(10,20)
M4:(10,20)(10,20)(10,20)(10,20)
M5:(10,20)(10,20)(10,20)(10,20)
M6:(10,20)(10,20)(10,20)(10,20)
M7:(10,20)(10,20)(10,20)(10,20)
M8:(10,20)(10,20)(10,20)(10,20)
M9:(10,20)(10,20)(10,20)(10,20)
*******************************************
10:20:620:
M0:(10,20)(10,20)(10,20)(10,20)
M1:(10,20)(10,20)(10,20)(10,20)
M2:(10,20)(10,20)(10,20)(10,20)
M3:(10,20)(10,20)(10,20)(10,20)
M4:(10,20)(10,20)(10,20)(10,20)
M5:(10,20)(10,20)(10,20)(10,20)
M6:(10,20)(10,20)(10,20)(10,20)
M7:(10,20)(10,20)(10,20)(10,20)
M8:(10,20)(10,20)(10,20)(10,20)
M9:(10,20)(10,20)(10,20)(10,20)
*******************************************
10:20:630:
M0:(10,20)(10,20)(10,20)(10,20)
M1:(10,20)(10,20)(10,20)(10,20)
M2:(10,20)(10,20)(10,20)(10,20)
M3:(10,20)(10,20)(10,20)(10,20)
M4:(10,20)(10,20)(10,20)(10,20)
M5:(10,20)(10,20)(10,20)(10,20)
M6:(10,20)(10,20)(10,20)(10,20)
M7:(10,20)(10,20)(10,20)(10,20)
M8:(10,20)(10,20)(10,20)(10,20)
M9:(10,20)(10,20)(10,20)(10,20)
*******************************************
10:20:640:
M0:(10,20)(10,20)(10,20)(10,20)
M1:(10,20)(10,20)(10,20)(10,20)
M2:(10,20)(10,20)(10,20)(10,20)
M3:(10,20)(10,20)(10,20)(10,20)
M4:(10,20)(10,20)(10,20)(10,20)
M5:(10,20)(10,20)(10,20)(10,20)
M6:(10,20)(10,20)(10,20)(10,20)
M7:(10,20)(10,20)(10,20)(10,20)
M8:(10,20)(10,20)(10,20)(10,20)
M9:(10,20)(10,20)(10,20)(10,20)
*******************************************
10:20:650:
M0:(10,20)(10,20)(10,20)(10,20)
M1:(10,20)(10,20)(10,20)(10,20)
M2:(10,20)(10,20)(10,20)(10,20)
M3:(10,20)(10,20)(10,20)(10,20)
M4:(10,20)(10,20)(10,20)(10,20)
M5:(10,20)(10,20)(10,20)(10,20)
M6:(10,20)(10,20)(10,20)(10,20)
M7:(10,20)(10,20)(10,20)(10,20)
M8:(10,20)(10,20)(10,20)(10,20)
M9:(10,20)(10,20)(10,20)(10,20)
*******************************************
10:20:660:
M0:(10,20)(10,20)(10,20)(10,20)
M1:(10,20)(10,20)(10,20)(10,20)
M2:(10,20)(10,20)(10,20)(10,20)
M3:(10,20)(10,20)(10,20)(10,20)
M4:(10,20)(10,20)(10,20)(10,20)
M5:(10,20)(10,20)(10,20)(10,20)
M6:(10,20)(10,20)(10,20)(10,20)
M7:(10,20)(10,20)(10,20)(10,20)
M8:(10,20)(10,20)(10,20)(10,20)
M9:(10,20)(10,20)(10,20)(10,20)
*******************************************
10:20:670:
M0:(10,20)(10,20)(10,20)(10,20)
M1:(10,20)(10,20)(10,20)(10,20)
M2:(10,20)(10,20)(10,20)(10,20)
M3:(10,20)(10,20)(10,20)(10,20)
M4:(10,20)(10,20)(10,20)(10,20)
M5:(10,20)(10,20)(10,20)(10,20)
M6:(10,20)(10,20)(10,20)(10,20)
M7:(10,20)(10,20)(10,20)(10,20)
M8:(10,20)(10,20)(10,20)(10,20)
M9:(10,20)(10,20)(10,20)(10,20)
*******************************************
10:20:680:
M0:(10,20)(10,20)(10,20)(10,20)
M1:(10,20)(10,20)(10,20)(10,20)
M2:(10,20)(10,20)(10,20)(10,20)
M3:(10,20)(10,20)(10,20)(10,20)
M4:(10,20)(10,20)(10,20)(10,20)
M5:(10,20)(10,20)(10,20)(10,20)
M6:(10,20)(10,20)(10,20)(10,20)
M7:(10,20)(10,20)(10,20)(10,20)
M8:(10,20)(10,20)(10,20)(10,20)
M9:(10,20)(10,20)(10,20)(10,20)
*******************************************
10:20:690:
M0:(10,20)(10,20)(10,20)(10,20)
M1:(10,20)(10,20)(10,20)(10,20)
M2:(10,20)(10,20)(10,20)(10,20)
M3:(10,20)(10,20)(10,20)(10,20)
M4:(10,20)(10,20)(10,20)(10,20)
M5:(10,20)(10,20)(10,20)(10,20)
M6:(10,20)(10,20)(10,20)(10,20)
M7:(10,20)(10,20)(10,20)(10,20)
M8:(10,20)(10,20)(10,20)(10,20)
M9:(10,20)(10,20)(10,20)(10,20)
*******************************************
10:20:700:
M0:(10,20)(10,20)(10,20)(10,20)
M1:(10,20)(10,20)(10,20)(10,20)
M2:(10,20)(10,20)(10,20)(10,20)
M3:(10,20)(10,20)(10,20)(10,20)
M4:(10,20)(10,20)(10,20)(10,20)
M5:(10,20)(10,20)(10,20)(10,20)
M6:(10,20)(10,20)(10,20)(10,20)
M7:(10,20)(10,20)(10,20)(10,20)
M8:(10,20)(10,20)(10,20)(10,20)
M9:(10,20)(10,20)(10,20)(10,20)
*******************************************
10:20:710:
M0:(10,20)(10,20)(10,20)(10,20)
M1:(10,20)(10,20)(10,20)(10,20)
M2:(10,20)(10,20)(10,20)(10,20)
M3:(10,20)(10,20)(10,20)(10,20)
M4:(10,20)(10,20)(10,20)(10,20)
M5:(10,20)(10,20)(10,20)(10,20)
M6:(10,20)(10,20)(10,20)(10,20)
M7:(10,20)(10,20)(10,20)(10,20)
M8:(10,20)(10,20)(10,20)(10,20)
M9:(10,20)(10,20)(10,20)(10,20)
*******************************************
10:20:720:
M0:(10,20)(10,20)(10,20)(10,20)
M1:(10,20)(10,20)(10,20)(10,20)
M2:(10,20)(10,20)(10,20)(10,20)
M3:(10,20)(10,20)(10,20)(10,20)
M4:(10,20)(10,20)(10,20)(10,20)
M5:(10,20)(10,20)(10,20)(10,20)
M6:(10,20)(10,20)(10,20)(10,20)
M7:(10,20)(10,20)(10,20)(10,20)
M8:(10,20)(10,20)(10,20)(10,20)
M9:(10,20)(10,20)(10,20)(10,20)
*******************************************
10:20:730:
M0:(10,20)(10,20)(10,20)(10,20)
M1:(10,20)(10,20)(10,20)(10,20)
M2:(10,20)(10,20)(10,20)(10,20)
M3:(10,20)(10,20)(10,20)(10,20)
M4:(10,20)(10,20)(10,20)(10,20)
M5:(10,20)(10,20)(10,20)(10,20)
M6:(10,20)(10,20)(10,20)(10,20)
M7:(10,20)(10,20)(10,20)(10,20)
M8:(10,20)(10,20)(10,20)(10,20)
M9:(10,20)(10,20)(10,20)(10,20)
*******************************************
10:20:740:
M0:(10,20)(10,20)(10,20)(10,20)
M1:(10,20)(10,20)(10,20)(10,20)
M2:(10,20)(10,20)(10,20)(10,20)
M3:(10,20)(10,20)(10,20)(10,20)
M4:(10,20)(10,20)(10,20)(10,20)
M5:(10,20)(10,20)(10,20)(10,20)
M6:(10,20)(10,20)(10,20)(10,20)
M7:(10,20)(10,20)(10,20)(10,20)
M8:(10,20)(10,20)(10,20)(10,20)
M9:(10,20)(10,20)(10,20)(10,20)
*******************************************
10:20:750:
M0:(10,20)(10,20)(10,20)(10,20)
M1:(10,20)(10,20)(10,20)(10,20)
M2:(10,20)(10,20)(10,20)(10,20)
M3:(10,20)(10,20)(10,20)(10,20)
M4:(10,20)(10,20)(10,20)(10,20)
M5:(10,20)(10,20)(10,20)(10,20)
M6:(10,20)(10,20)(10,20)(10,20)
M7:(10,20)(10,20)(10,20)(10,20)
M8:(10,20)(10,20)(10,20)(10,20)
M9:(10,20)(10,20)(10,20)(10,20)
*******************************************
10:20:760:
M0:(10,20)(10,20)(10,20)(10,20)
M1:(10,20)(10,20)(10,20)(10,20)
M2:(10,20)(10,20)(10,20)(10,20)
M3:(10,20)(10,20)(10,20)(10,20)
M4:(10,20)(10,20)(10,20)(10,20)
M5:(10,20)(10,20)(10,20)(10,20)
M6:(10,20)(10,20)(10,20)(10,20)
M7:(10,20)(10,20)(10,20)(10,20)
M8:(10,20)(10,20)(10,20)(10,20)
M9:(10,20)(10,20)(10,20)(10,20)
*******************************************
10:20:770:
M0:(10,20)(10,20)(10,20)(10,20)
M1:(10,20)(10,20)(10,20)(10,20)
M2:(10,20)(10,20)(10,20)(10,20)
M3:(10,20)(10,20)(10,20)(10,20)
M4:(10,20)(10,20)(10,20)(10,20)
M5:(10,20)(10,20)(10,20)(10,20)
M6:(10,20)(10,20)(10,20)(10,20)
M7:(10,20)(10,20)(10,20)(10,20)
M8:(10,20)(10,20)(10,20)(10,20)
M9:(10,20)(10,20)(10,20)(10,20)
*******************************************
10:20:780:
M0:(10,20)(10,20)(10,20)(10,20)
M1:(10,20)(10,20)(10,20)(10,20)
M2:(10,20)(10,20)(10,20)(10,20)
M3:(10,20)(10,20)(10,20)(10,20)
M4:(10,20)(10,20)(10,20)(10,20)
M5:(10,20)(10,20)(10,20)(10,20)
M6:(10,20)(10,20)(10,20)(10,20)
M7:(10,20)(10,20)(10,20)(10,20)
M8:(10,20)(10,20)(10,20)(10,20)
M9:(10,20)(10,20)(10,20)(10,20)
*******************************************
10:20:790:
M0:(10,20)(10,20)(10,20)(10,20)
M1:(10,20)(10,20)(10,20)(10,20)
M2:(10,20)(10,20)(10,20)(10,20)
M3:(10,20)(10,20)(10,20)(10,20)
M4:(10,20)(10,20)(10,20)(10,20)
M5:(10,20)(10,20)(10,20)(10,20)
M6:(10,20)(10,20)(10,20)(10,20)
M7:(10,20)(10,20)(10,20)(10,20)
M8:(10,20)(10,20)(10,20)(10,20)
M9:(10,20)(10,20)(10,20)(10,20)
*******************************************
10:20:800:
M0:(10,20)(10,20)(10,20)(10,20)
M1:(10,20)(10,20)(10,20)(10,20)
M2:(10,20)(10,20)(10,20)(10,20)
M3:(10,20)(10,20)(10,20)(10,20)
M4:(10,20)(10,20)(10,20)(10,20)
M5:(10,20)(10,20)(10,20)(10,20)
M6:(10,20)(10,20)(10,20)(10,20)
M7:(10,20)(10,20)(10,20)(10,20)
M8:(10,20)(10,20)(10,20)(10,20)
M9:(10,20)(10,20)(10,20)(10,20)
*******************************************
10:20:810:
M0:(10,20)(10,20)(10,20)(10,20)
M1:(10,20)(10,20)(10,20)(10,20)
M2:(10,20)(10,20)(10,20)(10,20)
M3:(10,20)(10,20)(10,20)(10,20)
M4:(10,20)(10,20)(10,20)(10,20)
M5:(10,20)(10,20)(10,20)(10,20)
M6:(10,20)(10,20)(10,20)(10,20)
M7:(10,20)(10,20)(10,20)(10,20)
M8:(10,20)(10,20)(10,20)(10,20)
M9:(10,20)(10,20)(10,20)(10,20)
*******************************************
10:20:820:
M0:(10,20)(10,20)(10,20)(10,20)
M1:(10,20)(10,20)(10,20)(10,20)
M2:(10,20)(10,20)(10,20)(10,20)
M3:(10,20)(10,20)(10,20)(10,20)
M4:(10,20)(10,20)(10,20)(10,20)
M5:(10,20)(10,20)(10,20)(10,20)
M6:(10,20)(10,20)(10,20)(10,20)
M7:(10,20)(10,20)(10,20)(10,20)
M8:(10,20)(10,20)(10,20)(10,20)
M9:(10,20)(10,20)(10,20)(10,20)
*******************************************
10:20:830:
M0:(10,20)(10,20)(10,20)(10,20)
M1:(10,20)(10,20)(10,20)(10,20)
M2:(10,20)(10,20)(10,20)(10,20)
M3:(10,20)(10,20)(10,20)(10,20)
M4:(10,20)(10,20)(10,20)(10,20)
M5:(10,20)(10,20)(10,20)(10,20)
M6:(10,20)(10,20)(10,20)(10,20)
M7:(10,20)(10,20)(10,20)(10,20)
M8:(10,20)(10,20)(10,20)(10,20)
M9:(10,20)(10,20)(10,20)(10,20)
*******************************************
10:20:840:
M0:(10,20)(10,20)(10,20)(10,20)
M1:(10,20)(10,20)(10,20)(10,20)
M2:(10,20)(10,20)(10,20)(10,20)
M3:(10,20)(10,20)(10,20)(10,20)
M4:(10,20)(10,20)(10,20)(10,20)
M5:(10,20)(10,20)(10,20)(10,20)
M6:(10,20)(10,20)(10,20)(10,20)
M7:(10,20)(10,20)(10,20)(10,20)
M8:(10,20)(10,20)(10,20)(10,20)
M9:(10,20)(10,20)(10,20)(10,20)
*******************************************
10:20:850:
M0:(10,20)(10,20)(10,20)(10,20)
M1:(10,20)(10,20)(10,20)(10,20)
M2:(10,20)(10,20)(10,20)(10,20)
M3:(10,20)(10,20)(10,20)(10,20)
M4:(10,20)(10,20)(10,20)(10,20)
M5:(10,20)(10,20)(10,20)(10,20)
M6:(10,20)(10,20)(10,20)(10,20)
M7:(10,20)(10,20)(10,20)(10,20)
M8:(10,20)(10,20)(10,20)(10,20)
M9:(10,20)(10,20)(10,20)(10,20)
*******************************************
10:20:860:
M0:(10,20)(10,20)(10,20)(10,20)
M1:(10,20)(10,20)(10,20)(10,20)
M2:(10,20)(10,20)(10,20)(10,20)
M3:(10,20)(10,20)(10,20)(10,20)
M4:(10,20)(10,20)(10,20)(10,20)
M5:(10,20)(10,20)(10,20)(10,20)
M6:(10,20)(10,20)(10,20)(10,20)
M7:(10,20)(10,20)(10,20)(10,20)
M8:(10,20)(10,20)(10,20)(10,20)
M9:(10,20)(10,20)(10,20)(10,20)
*******************************************
10:20:870:
M0:(10,20)(10,20)(10,20)(10,20)
M1:(10,20)(10,20)(10,20)(10,20)
M2:(10,20)(10,20)(10,20)(10,20)
M3:(10,20)(10,20)(10,20)(10,20)
M4:(10,20)(10,20)(10,20)(10,20)
M5:(10,20)(10,20)(10,20)(10,20)
M6:(10,20)(10,20)(10,20)(10,20)
M7:(10,20)(10,20)(10,20)(10,20)
M8:(10,20)(10,20)(10,20)(10,20)
M9:(10,20)(10,20)(10,20)(10,20)
*******************************************
10:20:880:
M0:(10,20)(10,20)(10,20)(10,20)
M1:(10,20)(10,20)(10,20)(10,20)
M2:(10,20)(10,20)(10,20)(10,20)
M3:(10,20)(10,20)(10,20)(10,20)
M4:(10,20)(10,20)(10,20)(10,20)
M5:(10,20)(10,20)(10,20)(10,20)
M6:(10,20)(10,20)(10,20)(10,20)
M7:(10,20)(10,20)(10,20)(10,20)
M8:(10,20)(10,20)(10,20)(10,20)
M9:(10,20)(10,20)(10,20)(10,20)
*******************************************
10:20:890:
M0:(10,20)(10,20)(10,20)(10,20)
M1:(10,20)(10,20)(10,20)(10,20)
M2:(10,20)(10,20)(10,20)(10,20)
M3:(10,20)(10,20)(10,20)(10,20)
M4:(10,20)(10,20)(10,20)(10,20)
M5:(10,20)(10,20)(10,20)(10,20)
M6:(10,20)(10,20)(10,20)(10,20)
M7:(10,20)(10,20)(10,20)(10,20)
M8:(10,20)(10,20)(10,20)(10,20)
M9:(10,20)(10,20)(10,20)(10,20)
*******************************************
10:20:900:
M0:(10,20)(10,20)(10,20)(10,20)
M1:(10,20)(10,20)(10,20)(10,20)
M2:(10,20)(10,20)(10,20)(10,20)
M3:(10,20)(10,20)(10,20)(10,20)
M4:(10,20)(10,20)(10,20)(10,20)
M5:(10,20)(10,20)(10,20)(10,20)
M6:(10,20)(10,20)(10,20)(10,20)
M7:(10,20)(10,20)(10,20)(10,20)
M8:(10,20)(10,20)(10,20)(10,20)
M9:(10,20)(10,20)(10,20)(10,20)
*******************************************
10:20:910:
M0:(10,20)(10,20)(10,20)(10,20)
M1:(10,20)(10,20)(10,20)(10,20)
M2:(10,20)(10,20)(10,20)(10,20)
M3:(10,20)(10,20)(10,20)(10,20)
M4:(10,20)(10,20)(10,20)(10,20)
M5:(10,20)(10,20)(10,20)(10,20)
M6:(10,20)(10,20)(10,20)(10,20)
M7:(10,20)(10,20)(10,20)(10,20)
M8:(10,20)(10,20)(10,20)(10,20)
M9:(10,20)(10,20)(10,20)(10,20)
*******************************************
10:20:920:
M0:(10,20)(10,20)(10,20)(10,20)
M1:(10,20)(10,20)(10,20)(10,20)
M2:(10,20)(10,20)(10,20)(10,20)
M3:(10,20)(10,20)(10,20)(10,20)
M4:(10,20)(10,20)(10,20)(10,20)
M5:(10,20)(10,20)(10,20)(10,20)
M6:(10,20)(10,20)(10,20)(10,20)
M7:(10,20)(10,20)(10,20)(10,20)
M8:(10,20)(10,20)(10,20)(10,20)
M9:(10,20)(10,20)(10,20)(10,20)
*******************************************
10:20:930:
M0:(10,20)(10,20)(10,20)(10,20)
M1:(10,20)(10,20)(10,20)(10,20)
M2:(10,20)(10,20)(10,20)(10,20)
M3:(10,20)(10,20)(10,20)(10,20)
M4:(10,20)(10,20)(10,20)(10,20)
M5:(10,20)(10,20)(10,20)(10,20)
M6:(10,20)(10,20)(10,20)(10,20)
M7:(10,20)(10,20)(10,20)(10,20)
M8:(10,20)(10,20)(10,20)(10,20)
M9:(10,20)(10,20)(10,20)(10,20)
*******************************************
10:20:940:
M0:(10,20)(10,20)(10,20)(10,20)
M1:(10,20)(10,20)(10,20)(10,20)
M2:(10,20)(10,20)(10,20)(10,20)
M3:(10,20)(10,20)(10,20)(10,20)
M4:(10,20)(10,20)(10,20)(10,20)
M5:(10,20)(10,20)(10,20)(10,20)
M6:(10,20)(10,20)(10,20)(10,20)
M7:(10,20)(10,20)(10,20)(10,20)
M8:(10,20)(10,20)(10,20)(10,20)
M9:(10,20)(10,20)(10,20)(10,20)
*******************************************
10:20:950:
M0:(10,20)(10,20)(10,20)(10,20)
M1:(10,20)(10,20)(10,20)(10,20)
M2:(10,20)(10,20)(10,20)(10,20)
M3:(10,20)(10,20)(10,20)(10,20)
M4:(10,20)(10,20)(10,20)(10,20)
M5:(10,20)(10,20)(10,20)(10,20)
M6:(10,20)(10,20)(10,20)(10,20)
M7:(10,20)(10,20)(10,20)(10,20)
M8:(10,20)(10,20)(10,20)(10,20)
M9:(10,20)(10,20)(10,20)(10,20)
*******************************************
10:20:960:
M0:(10,20)(10,20)(10,20)(10,20)
M1:(10,20)(10,20)(10,20)(10,20)
M2:(10,20)(10,20)(10,20)(10,20)
M3:(10,20)(10,20)(10,20)(10,20)
M4:(10,20)(10,20)(10,20)(10,20)
M5:(10,20)(10,20)(10,20)(10,20)
M6:(10,20)(10,20)(10,20)(10,20)
M7:(10,20)(10,20)(10,20)(10,20)
M8:(10,20)(10,20)(10,20)(10,20)
M9:(10,20)(10,20)(10,20)(10,20)
*******************************************
10:20:970:
M0:(10,20)(10,20)(10,20)(10,20)
M1:(10,20)(10,20)(10,20)(10,20)
M2:(10,20)(10,20)(10,20)(10,20)
M3:(10,20)(10,20)(10,20)(10,20)
M4:(10,20)(10,20)(10,20)(10,20)
M5:(10,20)(10,20)(10,20)(10,20)
M6:(10,20)(10,20)(10,20)(10,20)
M7:(10,20)(10,20)(10,20)(10,20)
M8:(10,20)(10,20)(10,20)(10,20)
M9:(10,20)(10,20)(10,20)(10,20)
*******************************************
10:20:980:
M0:(10,20)(10,20)(10,20)(10,20)
M1:(10,20)(10,20)(10,20)(10,20)
M2:(10,20)(10,20)(10,20)(10,20)
M3:(10,20)(10,20)(10,20)(10,20)
M4:(10,20)(10,20)(10,20)(10,20)
M5:(10,20)(10,20)(10,20)(10,20)
M6:(10,20)(10,20)(10,20)(10,20)
M7:(10,20)(10,20)(10,20)(10,20)
M8:(10,20)(10,20)(10,20)(10,20)
M9:(10,20)(10,20)(10,20)(10,20)
*******************************************
10:20:990:
M0:(10,20)(10,20)(10,20)(10,20)
M1:(10,20)(10,20)(10,20)(10,20)
M2:(10,20)(10,20)(10,20)(10,20)
M3:(10,20)(10,20)(10,20)(10,20)
M4:(10,20)(10,20)(10,20)(10,20)
M5:(10,20)(10,20)(10,20)(10,20)
M6:(10,20)(10,20)(10,20)(10,20)
M7:(10,20)(10,20)(10,20)(10,20)
M8:(10,20)(10,20)(10,20)(10,20)
M9:(10,20)(10,20)(10,20)(10,20)
